%YAML:1.0
camera_name: "KITTI_12"
image_width: 1226
image_height: 370
camera_matrix:
   rows: 3
   cols: 3
   data: [ 7.070912000000e+02, 0.000000000000e+00, 6.018873000000e+02, 0.000000000000e+00, 7.070912000000e+02, 1.831104000000e+02, 0., 0., 1. ]
distortion_coefficients:
   rows: 1
   cols: 8
   data: [ 0., 0., 0., 0., 0.,
       0., 0., 0. ]
rectification_matrix:
   rows: 3
   cols: 3
   data: [ 1., 0., 0., 0., 1., 0., 0., 0., 1.]
projection_matrix:
   rows: 3
   cols: 4
   data: [ 7.070912000000e+02, 0.000000000000e+00, 6.018873000000e+02, -3.798145000000e+02 ,0.000000000000e+00, 7.070912000000e+02, 1.831104000000e+02, 0.000000000000e+00, 0.000000000000e+00, 0.000000000000e+00, 1.000000000000e+00, 0.000000000000e+00 ]
