%YAML:1.0
camera_name: "KITTI_03"
image_width: 1242
image_height: 375
camera_matrix:
   rows: 3
   cols: 3
   data: [ 7.215377000000e+02, 0.000000000000e+00, 6.095593000000e+02, 0.000000000000e+00, 7.215377000000e+02, 1.728540000000e+02, 0., 0., 1. ]
distortion_coefficients:
   rows: 1
   cols: 8
   data: [ 0., 0., 0., 0., 0.,
       0., 0., 0. ]
rectification_matrix:
   rows: 3
   cols: 3
   data: [ 1., 0., 0., 0., 1., 0., 0., 0., 1.]
projection_matrix:
   rows: 3
   cols: 4
   data: [ 7.215377000000e+02, 0.000000000000e+00, 6.095593000000e+02, 0.000000000000e+00, 0.000000000000e+00, 7.215377000000e+02, 1.728540000000e+02, 0.000000000000e+00, 0.000000000000e+00, 0.000000000000e+00, 1.000000000000e+00, 0.000000000000e+00 ]
