P_l: [7.188560000000e+02, 0.000000000000e+00, 6.071928000000e+02, 4.538225000000e+01, 0.000000000000e+00, 7.188560000000e+02, 1.852157000000e+02, -1.130887000000e-01, 0.000000000000e+00, 0.000000000000e+00, 1.000000000000e+00, 3.779761000000e-03]
P_r: [7.188560000000e+02, 0.000000000000e+00, 6.071928000000e+02, -3.372877000000e+02, 0.000000000000e+00, 7.188560000000e+02, 1.852157000000e+02, 2.369057000000e+00, 0.000000000000e+00, 0.000000000000e+00, 1.000000000000e+00, 4.915215000000e-0]
image_size:
  height: 376
  width: 1241
